4294967278,38
4294967278,37
4294967278,40
4294967278,39
4294967278,360
4294967279,383
4294967278,340
4294967279,207
4294967278,43
4294967278,42
4294967278,41
4294967278,307
4294967278,387
4294967279,202
4294967279,381
4294967279,200
4294967278,198
4294967279,198
4294967278,48
4294967278,47
4294967278,46
4294967278,45
4294967278,44
4294967279,299
4294967278,304
4294967279,392
4294967279,220
4294967278,359
4294967278,358
4294967278,388
4294967279,191
4294967278,52
4294967278,51
4294967278,50
4294967278,49
4294967278,187
4294967279,188
4294967279,391
4294967278,185
4294967279,184
4294967278,386
4294967279,385
4294967278,181
4294967279,291
4294967278,294
4294967278,173
4294967278,172
4294967279,172
4294967279,403
4294967278,154
4294967278,54
4294967278,53
4294967279,377
4294967279,351
4294967278,57
4294967278,56
4294967278,55
4294967278,260
4294967294,1112
4294967279,152
4294967278,151
4294967278,150
4294967278,289
4294967279,285
4294967278,282
4294967279,367
4294967278,60
4294967278,59
4294967278,58
4294967278,343
4294967279,345
4294967278,287
4294967279,142
4294967278,62
4294967278,61
4294967278,328
4294967278,279
4294967279,272
4294967278,278
4294967278,63
4294967279,91
4294967279,89
4294967279,87
4294967279,85
4294967279,84
4294967278,277
4294967278,285
4294967279,270
4294967278,273
4294967279,268
4294967278,271
4294967279,267
4294967279,82
4294967279,81
4294967279,80
4294967279,78
4294967279,77
4294967278,322
4294967279,323
4294967279,380
4294967278,283
4294967279,280
4294967278,377
4294967279,263
4294967278,367
4294967279,375
4294967279,76
4294967279,74
4294967279,73
4294967279,72
4294967279,70
4294967278,264
4294967278,263
4294967279,374
4294967278,261
4294967279,278
4294967279,277
4294967278,317
4294967279,316
4294967278,318
4294967279,315
4294967279,362
4294967279,342
4294967278,313
4294967278,174
4294967279,67
4294967279,65
4294967279,64
4294967279,62
4294967279,61
4294967279,59
4294967279,58
4294967279,55
4294967279,53
4294967279,310
4294967278,252
4294967279,309
4294967278,251
4294967278,247
4294967278,245
116,4
4294967294,906
4294967294,186
4294967278,396
4294967278,239
4294967278,371
4294967279,236
4294967278,234
4294967279,234
116,5
4294967279,232
116,3
116,2
116,1
4294967279,230
4294967279,229
4294967279,226
4294967278,395
4294967279,225
4294967278,223
4294967279,223
4294967279,221
4294967279,218
4294967279,52
4294967279,50
4294967279,217
4294967278,215
4294967279,215
4294967278,370
4294967279,402
4294967279,274
4294967278,309
4294967279,401
4294967279,346
4294967279,211
4294967278,357
4294967279,238
4294967278,208
4294967279,237
4294967279,208
4294967279,47
4294967279,304
4294967278,308
4294967279,302
4294967279,45
4294967279,44
4294967279,43
4294967278,306
4294967278,202
4294967278,366
4294967294,923
4294967294,1
4294967294,1111
4294967294,1100
4294967279,201
4294967278,199
4294967278,224
4294967278,305
4294967279,0
4294967279,300
4294967278,303
4294967279,197
4294967279,39
4294967279,38
4294967279,35
4294967279,33
4294967279,32
4294967279,31
4294967279,30
4294967279,29
4294967279,28
4294967294,1110
4294967294,922
4294967294,92
4294967294,1096
4294967294,957
4294967294,90
4294967294,88
4294967294,86
4294967294,85
4294967294,45
4294967294,44
4294967278,302
4294967294,41
4294967294,38
4294967294,36
4294967294,24
4294967294,39
4294967294,42
4294967279,361
4294967294,13
4294967279,25
4294967279,23
4294967279,22
4294967279,20
4294967279,193
4294967278,191
4294967279,359
4294967279,19
4294967279,18
4294967279,16
4294967278,338
4294967279,386
4294967278,291
4294967279,390
4294967278,347
4294967278,0
4294967279,293
4294967279,400
4294967279,14
4294967279,13
4294967279,180
4294967278,295
4294967278,177
4294967279,11
4294967279,341
4294967294,2
4294967279,368
4294967279,170
4294967278,168
4294967294,22
4294967278,167
115,6
4294967279,168
115,5
4294967278,166
115,4
4294967279,167
115,3
115,2
115,1
4294967278,165
0,5
4294967294,476
4294967294,0
4294967294,53
4294967294,96
4294967294,94
4294967294,7
4294967294,6
4294967294,93
4294967294,95
4294967294,17
4294967294,99
4294967294,76
4294967279,336
4294967294,107
4294967294,82
4294967294,91
4294967294,87
4294967294,84
4294967294,956
4294967294,29
4294967294,28
4294967294,958
4294967294,26
4294967294,393
4294967294,1088
4294967294,40
4294967294,37
4294967279,399
4294967278,382
4294967278,160
4294967278,159
4294967279,160
4294967279,156
4294967294,9
4294967278,158
4294967294,8
114,6
0,7
4294967279,159
114,5
4294967278,157
114,4
4294967279,158
114,3
114,2
114,1
4294967278,156
4294967294,953
4294967294,27
4294967294,1094
4294967294,50
4294967294,974
4294967294,920
4294967278,155
4294967279,286
4294967279,154
4294967278,380
4294967278,346
4294967279,398
4294967278,344
4294967279,150
